1  [[ 0.60623672 -0.05107146  0.86381791 ...  0.81427801  0.63587534
   0.23591058]
 [-0.96395433  0.0521324  -0.3790244  ...  0.34551088  0.44315846
  -0.25951255]
 [-0.19674749 -0.43338884  0.95811053 ...  0.07569901  0.98222109
  -0.1921394 ]
 ...
 [-0.36270209 -0.8586958  -0.29749794 ... -0.35604239  0.56307096
   0.16076531]
 [ 0.83915657 -0.15506254 -0.64082803 ...  0.07115938  0.95550459
   0.55002586]
 [ 0.37126886 -0.44542236  0.98939608 ... -0.35550061 -0.14321637
  -0.9239153 ]]  [[-0.55664224 -0.58115614  0.58976968 -0.96508764 -0.01676064  0.12938069
  -0.10736626  0.68146005 -0.64516386 -0.24404266 -0.8198284  -0.90971597
   0.32279942 -0.23025885  0.3709662  -0.5668073 ]
 [ 0.12165631  0.51910272 -0.09019411  0.94215631 -0.17295685  0.29421823
  -0.80715412  0.10596911 -0.54208405 -0.10617859  0.07260887 -0.66764571
   0.21660793  0.27381917  0.06757997 -0.88708245]
 [-0.05495836  0.4895073   0.12723396 -0.71814005 -0.87260632 -0.31288229
  -0.54145879  0.06005446 -0.04336516  0.02985849 -0.92574447  0.81430289
   0.07130027 -0.92475192 -0.3737432  -0.03190454]
 [-0.96697237 -0.54128693  0.39388371  0.34631374  0.75651555 -0.15031977
  -0.89284195 -0.24327201 -0.54211979 -0.95481682 -0.13035369 -0.72093893
  -0.20652149  0.53117206 -0.22607357 -0.00308926]
 [-0.59950977  0.56459423 -0.91820941 -0.80605226 -0.92315946  0.39550938
   0.71999558  0.61459009 -0.448793   -0.87569568 -0.57999819  0.52274522
   0.01262383 -0.3022691   0.08414717  0.13284163]
 [-0.53513925 -0.19375499  0.66599215  0.74510666  0.48071505  0.71485513
   0.3088417  -0.26418195 -0.64308378  0.22955417  0.78273396  0.38322821
  -0.49237661 -0.44521697 -0.35769733  0.92492861]
 [ 0.4328024  -0.19947326  0.3279615   0.51262646 -0.37231919 -0.09448573
  -0.26478246 -0.61230484  0.04446407  0.31634642 -0.28256818  0.87585741
   0.94163702 -0.90576494  0.31573228  0.1712705 ]
 [ 0.62462271 -0.74728716 -0.67882002 -0.49176603 -0.29181087 -0.38627071
   0.82284953  0.24456376 -0.57190085  0.18419146 -0.74415126  0.80792191
   0.53702699 -0.79669836  0.31170336 -0.1073479 ]
 [-0.95723783 -0.61761624  0.59850212  0.85392913  0.10130198  0.75702538
  -0.06725979  0.84331157 -0.59369539 -0.61531855 -0.02994867 -0.94089408
  -0.2516757   0.32536276 -0.17788056 -0.89754538]
 [-0.54317566 -0.08641413 -0.2232102  -0.19519038 -0.50631573 -0.30526172
   0.18393484 -0.03209247 -0.45711853  0.66109607 -0.67080819 -0.35408769
   0.65783346 -0.83601644  0.56835139 -0.61049657]
 [ 0.01022632 -0.52227421  0.91096306  0.82643361 -0.17868264  0.37179712
   0.39219897  0.35320423 -0.87505955 -0.51176805  0.15078943 -0.20020013
  -0.99028866 -0.24112882 -0.66948284 -0.2593211 ]
 [-0.85965983  0.20432809  0.20484207  0.31640608 -0.89634982 -0.01946184
   0.09465978  0.32805223  0.46668923 -0.03043923  0.61678883  0.87797257
  -0.75438387 -0.53018096 -0.45159507  0.74149606]
 [ 0.82215214 -0.85630847 -0.43829639  0.59206742 -0.01721103  0.10731741
   0.60671446  0.43712914 -0.15318334  0.99364259  0.6672052   0.53103688
   0.11395438 -0.37258957  0.59624685  0.49856181]
 [-0.81397303  0.97287913  0.03623068  0.07109355  0.14174125 -0.86380882
  -0.62515917  0.27498516 -0.81750177  0.79903557  0.31666526  0.90067225
   0.32438861 -0.30185894 -0.98007203  0.50586026]
 [-0.45278648 -0.63066259 -0.443778   -0.51318624 -0.10668027 -0.01604722
  -0.90193133 -0.28941414 -0.08075166 -0.93169979 -0.50510699 -0.21822193
   0.28021026 -0.30643674  0.77830854 -0.17805522]
 [-0.4813483   0.94578578 -0.99456057 -0.08363401 -0.99198197 -0.25260803
  -0.68378448 -0.46613795  0.1057568  -0.75233444 -0.27788513  0.98784423
  -0.40254312  0.91273796  0.29891818 -0.66788732]]  [[ 0.04643963 -0.46425466 -0.41210329  0.2937217  -0.86346753 -0.93624697
   0.18777313 -0.03030673  0.72748092 -0.75316475  0.61189304 -0.94032679
   0.16016263  0.35990317 -0.74223804  0.79557863]
 [-0.67415563  0.6773054  -0.43839252 -0.15346098  0.46048654 -0.02759065
   0.67760365 -0.56440371 -0.07831616 -0.21171645 -0.52325982  0.83696061
  -0.90119042 -0.10966221  0.27114064 -0.93111678]
 [ 0.98153877  0.44658281  0.71280614  0.43771032  0.45942217  0.67390436
   0.39222392  0.91397297  0.26973602 -0.07994128  0.07555268  0.81041581
   0.55727667  0.91386486 -0.38086728  0.73334502]
 [-0.44802092 -0.14413222 -0.79804237 -0.37204055  0.16584807  0.1163978
  -0.92531128 -0.94115563 -0.12081407  0.17247816  0.74299727 -0.59720675
   0.70583177  0.5709494  -0.10026118 -0.46113535]
 [ 0.54988773  0.33390982 -0.36308492  0.75805449  0.09840087 -0.16683522
   0.72253819  0.95771543 -0.7234654  -0.40739143  0.17406389 -0.88520153
  -0.54605397  0.51249907 -0.15832224  0.28643668]
 [ 0.96365399 -0.14696764 -0.67119699  0.11792428  0.39563218 -0.07514994
  -0.62049748  0.03481805  0.27155355 -0.0269191  -0.38584004  0.18788995
   0.7181172  -0.24926497 -0.08129292 -0.95956238]
 [-0.85283526  0.85618424  0.61857027  0.17980099  0.62831666  0.95041057
  -0.00523943  0.06494893 -0.50527535 -0.61819704 -0.13378957  0.7181755
  -0.94467528 -0.19087838 -0.28094043  0.36556872]
 [ 0.95828977  0.5023595  -0.738728   -0.41903399 -0.05322692  0.98786969
   0.90834435 -0.92674243  0.54396145  0.45526959  0.25800383 -0.37993434
  -0.8201286   0.53753526 -0.03516879 -0.56968744]
 [ 0.08592082 -0.72278777 -0.81186287  0.95290996  0.6069024  -0.34455719
  -0.30643965 -0.40668824 -0.11135622  0.01245475 -0.93820322  0.77800912
   0.25286688 -0.88229918  0.96404023 -0.84264681]
 [-0.40646562 -0.77439628 -0.13750164  0.36562114 -0.89072547  0.11463974
   0.67905985 -0.04075056  0.03216918  0.95885466 -0.75485812 -0.1648052
  -0.5671129  -0.94967188 -0.39731285 -0.88946231]
 [-0.11686216 -0.55265263 -0.19958824 -0.30282089 -0.22822737 -0.50082684
   0.10292467  0.51073173 -0.96211824 -0.83256457  0.21674228  0.16041583
   0.9807349  -0.18752087 -0.48726044 -0.18265761]
 [ 0.49400326  0.6292047   0.6214494  -0.12249324  0.64401128 -0.19643368
   0.93126507  0.25610368  0.7691101  -0.35607455 -0.32789521  0.9912248
  -0.81735336  0.23761873 -0.88098607 -0.57522273]
 [-0.91922091  0.96719019  0.93689073 -0.51950216 -0.63765897 -0.87902235
   0.80173916 -0.52879998 -0.88963628  0.5284606   0.35335448 -0.47975762
  -0.93396208 -0.77057058  0.7400425   0.54961382]
 [-0.56125133  0.39261886  0.35515595 -0.99203318  0.17600417  0.38487245
  -0.52521795 -0.99004056  0.31707128  0.32825398 -0.3699684  -0.53155581
  -0.30501643 -0.13491242  0.33265994 -0.05336669]
 [ 0.12512817  0.48553275  0.49545161 -0.33622202 -0.43822056  0.0047942
   0.23581037  0.49245254 -0.03412652 -0.61442449  0.50760674  0.84072857
   0.92262354  0.49633897  0.4408403   0.11086298]
 [ 0.32901508  0.34557095 -0.54729503  0.07230729 -0.97062126  0.22336159
   0.14517362  0.01010255  0.58514274 -0.35220054 -0.11005712  0.10237557
  -0.36687901 -0.07557493 -0.38045919  0.81057094]
 [ 0.54229704 -0.9661558  -0.98107063 -0.36435309  0.08869864  0.03665545
   0.99015018 -0.77527649  0.0211715   0.6442362   0.53659904  0.13468467
  -0.02968609 -0.10122885 -0.96937944 -0.41869005]
 [ 0.51009771 -0.06379443 -0.96445218 -0.70780133 -0.45490077 -0.32323362
  -0.17049641  0.1093972  -0.61748229 -0.47642968 -0.82512417 -0.92662001
  -0.83991481 -0.71814255 -0.03207817  0.74963543]
 [ 0.71368464  0.06668357 -0.07558018  0.06009988  0.28954987 -0.27754903
  -0.73789008  0.59867123  0.22475559 -0.90773954  0.11930002  0.47121505
  -0.49465043 -0.80802913 -0.45076741  0.00827803]
 [-0.57126834 -0.4752708  -0.34539811 -0.4134926  -0.60450827 -0.20453245
  -0.06399738 -0.19699048 -0.52745548  0.3570462   0.7141276  -0.64688523
   0.08889146  0.58332894  0.98153148  0.35727939]
 [ 0.71328528  0.22684545 -0.62032487  0.87741399 -0.80741083  0.09080129
   0.00219644  0.66062428  0.33258922  0.55939269 -0.34709998  0.09264034
  -0.41935839 -0.62024971 -0.34057294 -0.58642933]
 [-0.03300548  0.36980234 -0.41411432  0.66787332  0.59607011 -0.72066654
  -0.29757142  0.03233886  0.60772857 -0.79308631  0.39344287  0.97149118
   0.38458279  0.11149997  0.70463351  0.7938721 ]
 [-0.04325847 -0.87056457 -0.74588258  0.64394869  0.15708444 -0.52008742
  -0.01016085  0.13994213  0.21245599 -0.15845794  0.65078162  0.44747821
   0.6559113   0.33770506  0.94320698  0.26958362]
 [ 0.64314256 -0.17833952  0.93047372 -0.69336304  0.73287723  0.55160591
   0.42021734 -0.40553043  0.22258292 -0.7404232   0.80154857  0.83748956
   0.38369856  0.00449104  0.16805105  0.20280133]
 [-0.34635219  0.6395676   0.36093917  0.94723921  0.14964408 -0.49138547
  -0.79497719  0.9032922  -0.60430241 -0.87579411  0.03588276  0.25008028
   0.80726033  0.163412   -0.62074821 -0.6506035 ]
 [ 0.0158317  -0.58501045  0.59673828  0.85297909  0.51257413 -0.76683467
  -0.19310601  0.03621165  0.00848795 -0.39778354 -0.45536002 -0.45350905
   0.39498138  0.68284583  0.62783811 -0.89543308]
 [ 0.46064329  0.43479142  0.28133719 -0.09051467  0.34757746  0.48186005
   0.18799684  0.69657641  0.67624892 -0.86816346 -0.5199641  -0.40895306
   0.22761859 -0.43915721  0.02479004 -0.5763444 ]
 [ 0.84625042  0.53918353  0.24952683 -0.91616017 -0.06638357 -0.26535556
  -0.99505063  0.42222265 -0.21603023  0.26668854 -0.50265829  0.00757163
  -0.95115467  0.13482951  0.79961514 -0.22909123]
 [ 0.65729558 -0.55578559  0.46798094  0.47613805 -0.46618085 -0.59354211
  -0.10700415  0.34419585  0.07935213 -0.51561089 -0.45587078 -0.39220593
   0.20446382 -0.85225835  0.86129182  0.6194344 ]
 [ 0.26924629  0.70045173 -0.31897367 -0.87615186  0.89420419  0.06354307
  -0.3151551  -0.92471673  0.02752672 -0.96629288  0.81598666  0.38045895
   0.161909    0.28346376  0.14114877 -0.51434173]
 [ 0.48265156  0.12080177  0.30551622  0.97361944  0.54220448  0.08553904
   0.40558526 -0.10103083  0.70879512  0.95125422 -0.09828235  0.35059488
   0.34042892  0.8989524  -0.20718337 -0.87532528]
 [-0.0076709   0.51575497  0.67594465 -0.96325214  0.26170124  0.56489129
   0.03962134  0.05086435 -0.30829629  0.67538916 -0.8980508  -0.50134801
  -0.41963377 -0.55401091  0.06151082 -0.83907626]
 [-0.89235479 -0.20566008  0.87953835  0.5529883   0.96729382 -0.37996762
  -0.57347416 -0.31942116 -0.31104035  0.89388927  0.30001973  0.43034282
  -0.26972313  0.44173318  0.37029221 -0.45153518]
 [ 0.92004435 -0.04764169  0.44666001  0.70449984 -0.58911348  0.90051834
   0.29969719  0.31474541  0.8986043  -0.49948036  0.72108473  0.30535605
  -0.31719293  0.32479127  0.65816901  0.57804233]
 [-0.34348973  0.18440186  0.75720612  0.14070886  0.14836877 -0.68075788
  -0.93988199  0.66056365  0.5765661   0.12860376 -0.0098664  -0.79131656
   0.87835534  0.94766855 -0.45191088 -0.01062671]
 [ 0.64327335  0.81624408 -0.41885226  0.71277683  0.85476195  0.61220251
  -0.53324854  0.87266932  0.12504682  0.37497361  0.45969555 -0.36915789
  -0.46699911 -0.99789303  0.99900574 -0.9804633 ]
 [-0.78662051  0.2953889   0.90473575 -0.95412317 -0.95986555  0.92335652
   0.70810147  0.90475688 -0.00794127 -0.04978298 -0.93954166 -0.84614833
   0.07993187 -0.53797954  0.1636239   0.88551015]]  2  [[ 0.60623672 -0.05107146  0.86381791 ...  0.81427801  0.63587534
   0.23591058]
 [-0.96395433  0.0521324  -0.3790244  ...  0.34551088  0.44315846
  -0.25951255]
 [-0.19674749 -0.43338884  0.95811053 ...  0.07569901  0.98222109
  -0.1921394 ]
 ...
 [-0.36270209 -0.8586958  -0.29749794 ... -0.35604239  0.56307096
   0.16076531]
 [ 0.83915657 -0.15506254 -0.64082803 ...  0.07115938  0.95550459
   0.55002586]
 [ 0.37126886 -0.44542236  0.98939608 ... -0.35550061 -0.14321637
  -0.9239153 ]]  [[-0.55664224 -0.58115614  0.58976968 -0.96508764 -0.01676064  0.12938069
  -0.10736626  0.68146005 -0.64516386 -0.24404266 -0.8198284  -0.90971597
   0.32279942 -0.23025885  0.3709662  -0.5668073 ]
 [ 0.12165631  0.51910272 -0.09019411  0.94215631 -0.17295685  0.29421823
  -0.80715412  0.10596911 -0.54208405 -0.10617859  0.07260887 -0.66764571
   0.21660793  0.27381917  0.06757997 -0.88708245]
 [-0.05495836  0.4895073   0.12723396 -0.71814005 -0.87260632 -0.31288229
  -0.54145879  0.06005446 -0.04336516  0.02985849 -0.92574447  0.81430289
   0.07130027 -0.92475192 -0.3737432  -0.03190454]
 [-0.96697237 -0.54128693  0.39388371  0.34631374  0.75651555 -0.15031977
  -0.89284195 -0.24327201 -0.54211979 -0.95481682 -0.13035369 -0.72093893
  -0.20652149  0.53117206 -0.22607357 -0.00308926]
 [-0.59950977  0.56459423 -0.91820941 -0.80605226 -0.92315946  0.39550938
   0.71999558  0.61459009 -0.448793   -0.87569568 -0.57999819  0.52274522
   0.01262383 -0.3022691   0.08414717  0.13284163]
 [-0.53513925 -0.19375499  0.66599215  0.74510666  0.48071505  0.71485513
   0.3088417  -0.26418195 -0.64308378  0.22955417  0.78273396  0.38322821
  -0.49237661 -0.44521697 -0.35769733  0.92492861]
 [ 0.4328024  -0.19947326  0.3279615   0.51262646 -0.37231919 -0.09448573
  -0.26478246 -0.61230484  0.04446407  0.31634642 -0.28256818  0.87585741
   0.94163702 -0.90576494  0.31573228  0.1712705 ]
 [ 0.62462271 -0.74728716 -0.67882002 -0.49176603 -0.29181087 -0.38627071
   0.82284953  0.24456376 -0.57190085  0.18419146 -0.74415126  0.80792191
   0.53702699 -0.79669836  0.31170336 -0.1073479 ]
 [-0.95723783 -0.61761624  0.59850212  0.85392913  0.10130198  0.75702538
  -0.06725979  0.84331157 -0.59369539 -0.61531855 -0.02994867 -0.94089408
  -0.2516757   0.32536276 -0.17788056 -0.89754538]
 [-0.54317566 -0.08641413 -0.2232102  -0.19519038 -0.50631573 -0.30526172
   0.18393484 -0.03209247 -0.45711853  0.66109607 -0.67080819 -0.35408769
   0.65783346 -0.83601644  0.56835139 -0.61049657]
 [ 0.01022632 -0.52227421  0.91096306  0.82643361 -0.17868264  0.37179712
   0.39219897  0.35320423 -0.87505955 -0.51176805  0.15078943 -0.20020013
  -0.99028866 -0.24112882 -0.66948284 -0.2593211 ]
 [-0.85965983  0.20432809  0.20484207  0.31640608 -0.89634982 -0.01946184
   0.09465978  0.32805223  0.46668923 -0.03043923  0.61678883  0.87797257
  -0.75438387 -0.53018096 -0.45159507  0.74149606]
 [ 0.82215214 -0.85630847 -0.43829639  0.59206742 -0.01721103  0.10731741
   0.60671446  0.43712914 -0.15318334  0.99364259  0.6672052   0.53103688
   0.11395438 -0.37258957  0.59624685  0.49856181]
 [-0.81397303  0.97287913  0.03623068  0.07109355  0.14174125 -0.86380882
  -0.62515917  0.27498516 -0.81750177  0.93457539  0.31666526  0.90067225
   0.32438861 -0.30185894 -0.98007203  0.50586026]
 [-0.45278648 -0.63066259 -0.443778   -0.51318624 -0.10668027 -0.01604722
  -0.90193133 -0.28941414 -0.08075166 -0.93169979 -0.50510699 -0.21822193
   0.28021026 -0.30643674  0.77830854 -0.17805522]
 [-0.4813483   0.94578578 -0.99456057 -0.08363401 -0.99198197 -0.25260803
  -0.68378448 -0.46613795  0.1057568  -0.75233444 -0.27788513  0.98784423
  -0.40254312  0.91273796  0.29891818 -0.66788732]]  [[ 0.04643963 -0.46425466 -0.41210329  0.2937217  -0.86346753 -0.93624697
   0.18777313 -0.03030673  0.72748092 -0.75316475  0.61189304 -0.94032679
   0.16016263  0.35990317 -0.74223804  0.79557863]
 [-0.67415563  0.6773054  -0.43839252 -0.15346098  0.46048654 -0.02759065
   0.67760365 -0.56440371 -0.07831616 -0.21171645 -0.52325982  0.83696061
  -0.90119042 -0.10966221  0.27114064 -0.93111678]
 [ 0.98153877  0.44658281  0.71280614  0.43771032  0.45942217  0.67390436
   0.39222392  0.91397297  0.26973602 -0.07994128  0.07555268  0.81041581
   0.55727667  0.91386486 -0.38086728  0.73334502]
 [-0.44802092 -0.14413222 -0.79804237 -0.37204055  0.16584807  0.1163978
  -0.92531128 -0.94115563 -0.12081407  0.17247816  0.74299727 -0.59720675
   0.70583177  0.5709494  -0.10026118 -0.46113535]
 [ 0.54988773  0.33390982 -0.36308492  0.75805449  0.09840087 -0.16683522
   0.72253819  0.95771543 -0.7234654  -0.40739143  0.17406389 -0.88520153
  -0.54605397  0.51249907 -0.15832224  0.28643668]
 [ 0.96365399 -0.14696764 -0.67119699  0.11792428  0.39563218 -0.07514994
  -0.62049748  0.03481805  0.27155355 -0.0269191  -0.38584004  0.18788995
   0.7181172  -0.24926497 -0.08129292 -0.95956238]
 [-0.85283526  0.85618424  0.61857027  0.17980099  0.62831666  0.95041057
  -0.00523943  0.06494893 -0.50527535 -0.61819704 -0.13378957  0.7181755
  -0.94467528 -0.19087838 -0.28094043  0.36556872]
 [ 0.95828977  0.5023595  -0.738728   -0.41903399 -0.05322692  0.98786969
   0.90834435 -0.92674243  0.54396145  0.45526959  0.25800383 -0.37993434
  -0.8201286   0.53753526 -0.03516879 -0.56968744]
 [ 0.08592082 -0.72278777 -0.81186287  0.95290996  0.6069024  -0.34455719
  -0.30643965 -0.40668824 -0.11135622  0.01245475 -0.93820322  0.77800912
   0.25286688 -0.88229918  0.96404023 -0.84264681]
 [-0.40646562 -0.77439628 -0.13750164  0.36562114 -0.89072547  0.11463974
   0.67905985 -0.04075056  0.03216918  0.95885466 -0.75485812 -0.1648052
  -0.5671129  -0.94967188 -0.39731285 -0.88946231]
 [-0.11686216 -0.55265263 -0.19958824 -0.30282089 -0.22822737 -0.50082684
   0.10292467  0.51073173 -0.96211824 -0.83256457  0.21674228  0.16041583
   0.9807349  -0.18752087 -0.48726044 -0.18265761]
 [ 0.49400326  0.6292047   0.6214494  -0.12249324  0.64401128 -0.19643368
   0.93126507  0.25610368  0.7691101  -0.35607455 -0.32789521  0.9912248
  -0.81735336  0.23761873 -0.88098607 -0.57522273]
 [-0.91922091  0.96719019  0.93689073 -0.51950216 -0.63765897 -0.87902235
   0.80173916 -0.52879998 -0.88963628  0.5284606   0.35335448 -0.47975762
  -0.93396208 -0.77057058  0.7400425   0.54961382]
 [-0.56125133  0.39261886  0.35515595 -0.99203318  0.17600417  0.38487245
  -0.52521795 -0.99004056  0.31707128  0.32825398 -0.3699684  -0.53155581
  -0.30501643 -0.13491242  0.33265994 -0.05336669]
 [ 0.12512817  0.48553275  0.49545161 -0.33622202 -0.43822056  0.0047942
   0.23581037  0.49245254 -0.03412652 -0.61442449  0.50760674  0.84072857
   0.92262354  0.49633897  0.4408403   0.11086298]
 [ 0.32901508  0.34557095 -0.54729503  0.07230729 -0.97062126  0.22336159
   0.14517362  0.01010255  0.58514274 -0.35220054 -0.11005712  0.10237557
  -0.36687901 -0.07557493 -0.38045919  0.81057094]
 [ 0.54229704 -0.9661558  -0.98107063 -0.36435309  0.08869864  0.03665545
   0.99015018 -0.77527649  0.0211715   0.6442362   0.53659904  0.13468467
  -0.02968609 -0.10122885 -0.96937944 -0.41869005]
 [ 0.51009771 -0.06379443 -0.96445218 -0.70780133 -0.45490077 -0.32323362
  -0.17049641  0.1093972  -0.61748229 -0.47642968 -0.82512417 -0.92662001
  -0.83991481 -0.71814255 -0.03207817  0.74963543]
 [ 0.71368464  0.06668357 -0.07558018  0.06009988  0.28954987 -0.27754903
  -0.73789008  0.59867123  0.22475559 -0.90773954  0.11930002  0.47121505
  -0.49465043 -0.80802913 -0.45076741  0.00827803]
 [-0.57126834 -0.4752708  -0.34539811 -0.4134926  -0.60450827 -0.20453245
  -0.06399738 -0.19699048 -0.52745548  0.3570462   0.7141276  -0.64688523
   0.08889146  0.58332894  0.98153148  0.35727939]
 [ 0.71328528  0.22684545 -0.62032487  0.87741399 -0.80741083  0.09080129
   0.00219644  0.66062428  0.33258922  0.55939269 -0.34709998  0.09264034
  -0.41935839 -0.62024971 -0.34057294 -0.58642933]
 [-0.03300548  0.36980234 -0.41411432  0.66787332  0.59607011 -0.72066654
  -0.29757142  0.03233886  0.60772857 -0.79308631  0.39344287  0.97149118
   0.38458279  0.11149997  0.70463351  0.7938721 ]
 [-0.04325847 -0.87056457 -0.74588258  0.64394869  0.15708444 -0.52008742
  -0.01016085  0.13994213  0.21245599 -0.15845794  0.65078162  0.44747821
   0.6559113   0.33770506  0.94320698  0.26958362]
 [ 0.64314256 -0.17833952  0.93047372 -0.69336304  0.73287723  0.55160591
   0.42021734 -0.40553043  0.22258292 -0.7404232   0.80154857  0.83748956
   0.38369856  0.00449104  0.16805105  0.20280133]
 [-0.34635219  0.6395676   0.36093917  0.94723921  0.14964408 -0.49138547
  -0.79497719  0.9032922  -0.60430241 -0.87579411  0.03588276  0.25008028
   0.80726033 -0.25689951 -0.62074821 -0.6506035 ]
 [ 0.0158317  -0.58501045  0.59673828  0.85297909  0.51257413 -0.76683467
  -0.19310601  0.03621165  0.00848795 -0.39778354 -0.45536002 -0.45350905
   0.39498138  0.68284583  0.62783811 -0.89543308]
 [ 0.46064329  0.43479142  0.28133719 -0.09051467  0.34757746  0.48186005
   0.18799684  0.69657641  0.67624892 -0.86816346 -0.5199641  -0.40895306
   0.22761859 -0.43915721  0.02479004 -0.5763444 ]
 [ 0.84625042  0.53918353  0.24952683 -0.91616017 -0.06638357 -0.26535556
  -0.99505063  0.42222265 -0.21603023  0.26668854 -0.50265829  0.00757163
  -0.95115467  0.13482951  0.79961514 -0.22909123]
 [ 0.65729558 -0.55578559  0.46798094  0.47613805 -0.46618085 -0.59354211
  -0.10700415  0.34419585  0.07935213 -0.51561089 -0.45587078 -0.39220593
   0.20446382 -0.85225835  0.86129182  0.6194344 ]
 [ 0.26924629  0.70045173 -0.31897367 -0.87615186  0.89420419  0.06354307
  -0.3151551  -0.74377895  0.02752672 -0.96629288  0.81598666  0.38045895
   0.161909    0.28346376  0.14114877 -0.51434173]
 [ 0.48265156  0.12080177  0.30551622  0.97361944  0.54220448  0.08553904
   0.40558526 -0.10103083  0.70879512  0.95125422 -0.09828235  0.35059488
   0.34042892  0.8989524  -0.20718337 -0.87532528]
 [-0.0076709   0.51575497  0.67594465 -0.96325214  0.26170124  0.56489129
   0.03962134  0.05086435 -0.30829629  0.67538916 -0.8980508  -0.50134801
  -0.41963377 -0.55401091  0.06151082 -0.83907626]
 [-0.89235479 -0.20566008  0.87953835  0.5529883   0.96729382 -0.37996762
  -0.57347416 -0.31942116 -0.31104035  0.89388927  0.30001973  0.43034282
  -0.26972313  0.44173318  0.37029221 -0.45153518]
 [ 0.92004435 -0.04764169  0.44666001  0.70449984 -0.58911348  0.90051834
   0.29969719  0.31474541  0.8986043  -0.49948036  0.72108473  0.30535605
  -0.31719293  0.32479127  0.65816901  0.57804233]
 [-0.34348973  0.18440186  0.75720612  0.14070886  0.14836877 -0.68075788
  -0.93988199  0.66056365  0.5765661   0.12860376 -0.0098664  -0.79131656
   0.87835534  0.94766855 -0.45191088 -0.01062671]
 [ 0.64327335  0.81624408 -0.41885226  0.71277683  0.85476195  0.61220251
  -0.53324854  0.87266932  0.12504682  0.37497361  0.45969555 -0.36915789
  -0.46699911 -0.99789303  0.99900574 -0.9804633 ]
 [-0.78662051  0.2953889   0.90473575 -0.95412317 -0.95986555  0.92335652
   0.70810147  0.90475688 -0.00794127 -0.04978298 -0.93954166 -0.84614833
   0.07993187 -0.53797954  0.1636239   0.88551015]]  3  [[ 0.60623672 -0.05107146  0.86381791 ...  0.81427801  0.63587534
   0.23591058]
 [-0.96395433  0.0521324  -0.3790244  ...  0.34551088  0.44315846
  -0.25951255]
 [-0.19674749 -0.43338884  0.95811053 ...  0.07569901  0.98222109
  -0.1921394 ]
 ...
 [-0.36270209 -0.8586958  -0.29749794 ... -0.35604239  0.56307096
   0.16076531]
 [ 0.83915657 -0.15506254 -0.64082803 ...  0.07115938  0.95550459
   0.55002586]
 [ 0.79723689 -0.44542236  0.98939608 ... -0.35550061 -0.14321637
  -0.9239153 ]]  [[-0.55664224 -0.58115614  0.58976968 -0.96508764 -0.01676064  0.12938069
  -0.10736626  0.68146005 -0.64516386 -0.24404266 -0.8198284  -0.90971597
   0.32279942 -0.23025885  0.3709662  -0.5668073 ]
 [ 0.12165631  0.51910272 -0.09019411  0.94215631 -0.17295685  0.29421823
  -0.80715412  0.10596911 -0.54208405 -0.10617859  0.07260887 -0.66764571
   0.21660793  0.27381917  0.06757997 -0.88708245]
 [-0.05495836  0.4895073   0.12723396 -0.71814005 -0.87260632 -0.31288229
  -0.54145879  0.06005446 -0.04336516  0.02985849 -0.92574447  0.81430289
   0.07130027 -0.92475192 -0.3737432  -0.03190454]
 [-0.96697237 -0.54128693  0.39388371  0.34631374  0.75651555 -0.15031977
  -0.89284195 -0.24327201 -0.54211979 -0.95481682 -0.13035369 -0.72093893
  -0.20652149  0.53117206 -0.22607357 -0.00308926]
 [-0.59950977  0.56459423 -0.91820941 -0.80605226 -0.92315946  0.39550938
   0.71999558  0.61459009 -0.448793   -0.87569568 -0.57999819  0.52274522
   0.01262383 -0.3022691   0.08414717  0.13284163]
 [-0.53513925 -0.19375499  0.66599215  0.74510666  0.48071505  0.71485513
   0.3088417  -0.26418195 -0.64308378  0.22955417  0.78273396  0.38322821
  -0.49237661 -0.44521697 -0.35769733  0.92492861]
 [ 0.4328024  -0.19947326  0.3279615   0.51262646 -0.37231919 -0.09448573
  -0.26478246 -0.61230484  0.04446407  0.31634642 -0.28256818  0.87585741
   0.94163702 -0.90576494  0.31573228  0.1712705 ]
 [ 0.62462271 -0.74728716 -0.67882002 -0.49176603 -0.29181087 -0.38627071
   0.82284953  0.24456376 -0.57190085  0.18419146 -0.74415126  0.80792191
   0.53702699 -0.79669836  0.31170336 -0.1073479 ]
 [-0.95723783 -0.61761624  0.59850212  0.85392913  0.10130198  0.75702538
  -0.06725979  0.84331157 -0.59369539 -0.61531855 -0.02994867 -0.94089408
  -0.2516757   0.32536276 -0.17788056 -0.89754538]
 [-0.54317566 -0.08641413 -0.2232102  -0.19519038 -0.50631573 -0.30526172
   0.18393484 -0.03209247 -0.45711853  0.66109607 -0.67080819 -0.35408769
   0.65783346 -0.83601644  0.56835139 -0.74349483]
 [ 0.01022632 -0.52227421  0.91096306  0.82643361 -0.17868264  0.37179712
   0.39219897  0.35320423 -0.87505955 -0.51176805  0.15078943 -0.20020013
  -0.99028866 -0.24112882 -0.66948284 -0.2593211 ]
 [-0.85965983  0.20432809  0.20484207  0.31640608 -0.89634982 -0.01946184
   0.09465978  0.32805223  0.46668923 -0.03043923  0.61678883  0.87797257
  -0.75438387 -0.53018096 -0.45159507  0.74149606]
 [ 0.82215214 -0.85630847 -0.43829639  0.59206742 -0.01721103  0.10731741
   0.60671446  0.43712914 -0.15318334  0.99364259  0.6672052   0.53103688
   0.11395438 -0.37258957  0.59624685  0.49856181]
 [-0.81397303  0.97287913  0.03623068  0.07109355  0.14174125 -0.86380882
  -0.62515917  0.27498516 -0.81750177  0.93457539  0.31666526  0.90067225
   0.32438861 -0.30185894 -0.98007203  0.50586026]
 [-0.45278648 -0.63066259 -0.443778   -0.51318624 -0.10668027 -0.01604722
  -0.90193133 -0.28941414 -0.08075166 -0.93169979 -0.50510699 -0.21822193
   0.28021026 -0.30643674  0.77830854 -0.17805522]
 [-0.4813483   0.94578578 -0.99456057 -0.08363401 -0.99198197 -0.25260803
  -0.68378448 -0.46613795  0.1057568  -0.75233444 -0.27788513  0.98784423
  -0.40254312  0.91273796  0.29891818 -0.66788732]]  [[ 0.04643963 -0.46425466 -0.41210329  0.2937217  -0.86346753 -0.93624697
   0.18777313 -0.03030673  0.72748092 -0.75316475  0.61189304 -0.94032679
   0.1154535   0.35990317 -0.74223804  0.79557863]
 [-0.67415563  0.6773054  -0.43839252 -0.15346098  0.46048654 -0.02759065
   0.67760365 -0.56440371 -0.07831616 -0.21171645 -0.52325982  0.83696061
  -0.90119042 -0.10966221  0.27114064 -0.93111678]
 [ 0.98153877  0.44658281  0.71280614  0.43771032  0.45942217  0.67390436
   0.39222392  0.91397297  0.26973602 -0.07994128  0.07555268  0.81041581
   0.55727667  0.91386486 -0.38086728  0.73334502]
 [-0.44802092 -0.14413222 -0.79804237 -0.37204055  0.16584807  0.1163978
  -0.92531128 -0.94115563 -0.12081407  0.17247816  0.74299727 -0.59720675
   0.70583177  0.5709494  -0.10026118 -0.46113535]
 [ 0.54988773  0.33390982 -0.36308492  0.75805449  0.09840087 -0.16683522
   0.72253819  0.95771543 -0.7234654  -0.40739143  0.17406389 -0.88520153
  -0.54605397  0.51249907 -0.15832224  0.28643668]
 [ 0.96365399 -0.14696764 -0.67119699  0.11792428  0.39563218 -0.07514994
  -0.62049748  0.03481805  0.27155355 -0.0269191  -0.38584004  0.18788995
   0.7181172  -0.24926497 -0.08129292 -0.95956238]
 [-0.85283526  0.85618424  0.61857027  0.17980099  0.62831666  0.95041057
  -0.00523943  0.06494893 -0.50527535 -0.61819704 -0.13378957  0.7181755
  -0.94467528 -0.19087838 -0.28094043  0.36556872]
 [ 0.95828977  0.5023595  -0.738728   -0.41903399 -0.05322692  0.98786969
   0.90834435 -0.92674243  0.54396145  0.45526959  0.25800383 -0.37993434
  -0.8201286   0.53753526 -0.03516879 -0.56968744]
 [ 0.08592082 -0.72278777 -0.81186287  0.95290996  0.6069024  -0.34455719
  -0.30643965 -0.40668824 -0.11135622  0.01245475 -0.93820322  0.77800912
   0.25286688 -0.88229918  0.96404023 -0.84264681]
 [-0.40646562 -0.77439628 -0.13750164  0.36562114 -0.89072547  0.11463974
   0.67905985 -0.04075056  0.03216918  0.95885466 -0.75485812 -0.1648052
  -0.5671129  -0.94967188 -0.39731285 -0.88946231]
 [-0.11686216 -0.55265263 -0.19958824 -0.30282089 -0.22822737 -0.50082684
   0.10292467  0.51073173 -0.96211824 -0.83256457  0.21674228  0.16041583
   0.9807349  -0.18752087 -0.48726044 -0.18265761]
 [ 0.49400326  0.6292047   0.6214494  -0.12249324  0.64401128 -0.19643368
   0.93126507  0.25610368  0.7691101  -0.35607455 -0.32789521  0.9912248
  -0.81735336  0.23761873 -0.88098607 -0.57522273]
 [-0.91922091  0.96719019  0.93689073 -0.51950216 -0.63765897 -0.87902235
   0.80173916 -0.52879998 -0.88963628  0.5284606   0.35335448 -0.47975762
  -0.93396208 -0.77057058  0.7400425   0.54961382]
 [-0.56125133  0.39261886  0.35515595 -0.99203318  0.17600417  0.38487245
  -0.52521795 -0.99004056  0.31707128  0.32825398 -0.3699684  -0.53155581
  -0.30501643 -0.13491242  0.33265994 -0.05336669]
 [ 0.12512817  0.48553275  0.49545161 -0.33622202 -0.43822056  0.0047942
   0.23581037  0.49245254 -0.03412652 -0.61442449  0.50760674  0.84072857
   0.92262354  0.49633897  0.4408403   0.11086298]
 [ 0.32901508  0.34557095 -0.54729503  0.07230729 -0.97062126  0.22336159
   0.14517362  0.01010255  0.58514274 -0.35220054 -0.11005712  0.10237557
  -0.36687901 -0.07557493 -0.38045919  0.81057094]
 [ 0.54229704 -0.9661558  -0.98107063 -0.36435309  0.08869864  0.03665545
   0.99015018 -0.77527649  0.0211715   0.6442362   0.53659904  0.13468467
  -0.02968609 -0.10122885 -0.96937944 -0.41869005]
 [ 0.51009771 -0.06379443 -0.96445218 -0.70780133 -0.45490077 -0.32323362
  -0.17049641  0.1093972  -0.61748229 -0.47642968 -0.82512417 -0.92662001
  -0.83991481 -0.71814255 -0.03207817  0.74963543]
 [ 0.71368464  0.06668357 -0.07558018  0.06009988  0.28954987 -0.27754903
  -0.73789008  0.59867123  0.22475559 -0.90773954  0.11930002  0.47121505
  -0.49465043 -0.80802913 -0.45076741  0.00827803]
 [-0.57126834 -0.4752708  -0.34539811 -0.4134926  -0.60450827 -0.20453245
  -0.06399738 -0.19699048 -0.52745548  0.3570462   0.7141276  -0.64688523
   0.08889146  0.58332894  0.98153148  0.35727939]
 [ 0.71328528  0.22684545 -0.62032487  0.87741399 -0.80741083  0.09080129
   0.00219644  0.66062428  0.33258922  0.55939269 -0.34709998  0.09264034
  -0.41935839 -0.62024971 -0.34057294 -0.58642933]
 [-0.03300548  0.36980234 -0.41411432  0.66787332  0.59607011 -0.72066654
  -0.29757142  0.03233886  0.60772857 -0.79308631  0.39344287  0.97149118
   0.38458279  0.11149997  0.70463351  0.7938721 ]
 [-0.04325847 -0.87056457 -0.74588258  0.64394869  0.15708444 -0.52008742
  -0.01016085  0.13994213  0.21245599 -0.15845794  0.65078162  0.44747821
   0.6559113   0.33770506  0.94320698  0.26958362]
 [ 0.64314256 -0.17833952  0.93047372 -0.69336304  0.73287723  0.55160591
   0.42021734 -0.40553043  0.22258292 -0.7404232   0.80154857  0.83748956
   0.38369856  0.00449104  0.16805105  0.20280133]
 [-0.34635219  0.6395676   0.36093917  0.94723921  0.14964408 -0.49138547
  -0.79497719  0.9032922  -0.60430241 -0.87579411  0.03588276  0.25008028
   0.80726033 -0.25689951 -0.62074821 -0.6506035 ]
 [ 0.0158317  -0.58501045  0.59673828  0.85297909  0.51257413 -0.76683467
  -0.19310601  0.03621165  0.00848795 -0.39778354 -0.45536002 -0.45350905
   0.39498138  0.68284583  0.62783811 -0.89543308]
 [ 0.46064329  0.43479142  0.28133719 -0.09051467  0.34757746  0.48186005
   0.18799684  0.69657641  0.67624892 -0.86816346 -0.5199641  -0.40895306
   0.22761859 -0.43915721  0.02479004 -0.5763444 ]
 [ 0.84625042  0.53918353  0.24952683 -0.91616017 -0.06638357 -0.26535556
  -0.99505063  0.42222265 -0.21603023  0.26668854 -0.50265829  0.00757163
  -0.95115467  0.13482951  0.79961514 -0.22909123]
 [ 0.65729558 -0.55578559  0.46798094  0.47613805 -0.46618085 -0.59354211
  -0.10700415  0.34419585  0.07935213 -0.51561089 -0.45587078 -0.39220593
   0.20446382 -0.85225835  0.86129182  0.6194344 ]
 [ 0.26924629  0.70045173 -0.31897367 -0.87615186  0.89420419  0.06354307
  -0.3151551  -0.74377895  0.02752672 -0.96629288  0.81598666  0.38045895
   0.161909    0.28346376  0.14114877 -0.51434173]
 [ 0.48265156  0.12080177  0.30551622  0.97361944  0.54220448  0.08553904
   0.40558526 -0.10103083  0.70879512  0.95125422 -0.09828235  0.35059488
   0.34042892  0.8989524  -0.20718337 -0.87532528]
 [-0.0076709   0.51575497  0.67594465 -0.96325214  0.26170124  0.56489129
   0.03962134  0.05086435 -0.30829629  0.67538916 -0.8980508  -0.50134801
  -0.41963377 -0.55401091  0.06151082 -0.83907626]
 [-0.89235479 -0.20566008  0.87953835  0.5529883   0.96729382 -0.37996762
  -0.57347416 -0.31942116 -0.31104035  0.89388927  0.30001973  0.43034282
  -0.26972313  0.44173318  0.37029221 -0.45153518]
 [ 0.92004435 -0.04764169  0.44666001  0.70449984 -0.58911348  0.90051834
   0.29969719  0.31474541  0.8986043  -0.49948036  0.72108473  0.30535605
  -0.31719293  0.32479127  0.65816901  0.57804233]
 [-0.34348973  0.18440186  0.75720612  0.14070886  0.14836877 -0.68075788
  -0.93988199  0.66056365  0.5765661   0.12860376 -0.0098664  -0.79131656
   0.87835534  0.94766855 -0.45191088 -0.01062671]
 [ 0.64327335  0.81624408 -0.41885226  0.71277683  0.85476195  0.61220251
  -0.53324854  0.87266932  0.12504682  0.37497361  0.45969555 -0.36915789
  -0.46699911 -0.99789303  0.99900574 -0.9804633 ]
 [-0.78662051  0.2953889   0.90473575 -0.95412317 -0.95986555  0.92335652
   0.70810147  0.90475688 -0.00794127 -0.04978298 -0.93954166 -0.84614833
   0.07993187 -0.53797954  0.1636239   0.88551015]]  4  [[ 0.60623672 -0.05107146  0.86381791 ...  0.81427801  0.63587534
   0.23591058]
 [-0.96395433  0.0521324  -0.3790244  ...  0.34551088  0.44315846
  -0.25951255]
 [-0.19674749 -0.43338884  0.95811053 ...  0.07569901  0.98222109
  -0.1921394 ]
 ...
 [-0.36270209 -0.8586958  -0.29749794 ... -0.35604239  0.56307096
   0.16076531]
 [ 0.83915657 -0.15506254 -0.64082803 ...  0.07115938  0.95550459
   0.55002586]
 [ 0.37126886 -0.44542236  0.98939608 ... -0.35550061 -0.14321637
  -0.9239153 ]]  [[-0.55664224 -0.58115614  0.58976968 -0.96508764 -0.01676064  0.12938069
  -0.10736626  0.68146005 -0.64516386 -0.24404266 -0.8198284  -0.90971597
   0.32279942 -0.23025885  0.3709662  -0.5668073 ]
 [ 0.12165631  0.51910272 -0.09019411  0.94215631 -0.17295685  0.29421823
  -0.80715412  0.10596911 -0.54208405 -0.10617859  0.07260887 -0.66764571
   0.21660793  0.27381917  0.06757997 -0.88708245]
 [-0.05495836  0.4895073   0.12723396 -0.71814005 -0.87260632 -0.31288229
  -0.54145879  0.06005446 -0.04336516  0.02985849 -0.92574447  0.81430289
   0.07130027 -0.92475192 -0.3737432  -0.03190454]
 [-0.96697237 -0.54128693  0.39388371  0.34631374  0.75651555 -0.15031977
  -0.89284195 -0.24327201 -0.54211979 -0.95481682 -0.13035369 -0.72093893
  -0.20652149  0.53117206 -0.22607357 -0.00308926]
 [-0.59950977  0.56459423 -0.91820941 -0.80605226 -0.92315946  0.39550938
   0.71999558  0.61459009 -0.448793   -0.87569568 -0.57999819  0.52274522
   0.01262383 -0.3022691   0.08414717  0.13284163]
 [-0.53513925 -0.19375499  0.66599215  0.74510666  0.48071505  0.71485513
   0.3088417  -0.26418195 -0.64308378  0.22955417  0.78273396  0.38322821
  -0.49237661 -0.44521697 -0.35769733  0.92492861]
 [ 0.4328024  -0.19947326  0.3279615   0.51262646 -0.37231919 -0.09448573
  -0.26478246 -0.61230484  0.04446407  0.31634642 -0.28256818  0.87585741
   0.94163702 -0.90576494  0.31573228  0.1712705 ]
 [ 0.62462271 -0.74728716 -0.67882002 -0.49176603 -0.29181087 -0.38627071
   0.82284953  0.24456376 -0.57190085  0.18419146 -0.74415126  0.80792191
   0.53702699 -0.79669836  0.31170336 -0.1073479 ]
 [-0.95723783 -0.61761624  0.59850212  0.85392913  0.10130198  0.75702538
  -0.06725979  0.84331157 -0.59369539 -0.61531855 -0.02994867 -0.94089408
  -0.2516757   0.32536276 -0.17788056 -0.89754538]
 [-0.54317566 -0.08641413 -0.2232102  -0.19519038 -0.50631573 -0.30526172
   0.18393484 -0.03209247 -0.45711853  0.66109607 -0.67080819 -0.35408769
   0.65783346 -0.83601644  0.56835139 -0.61049657]
 [ 0.01022632 -0.52227421  0.91096306  0.82643361 -0.17868264  0.37179712
   0.39219897  0.35320423 -0.87505955 -0.51176805  0.15078943 -0.20020013
  -0.99028866 -0.24112882 -0.66948284 -0.2593211 ]
 [-0.85965983  0.20432809  0.20484207  0.31640608 -0.89634982 -0.01946184
   0.09465978  0.32805223  0.46668923 -0.03043923  0.61678883  0.87797257
  -0.75438387 -0.53018096 -0.45159507  0.74149606]
 [ 0.82215214 -0.85630847 -0.43829639  0.59206742 -0.01721103  0.10731741
   0.60671446  0.43712914 -0.15318334  0.99364259  0.6672052   0.53103688
   0.11395438 -0.37258957  0.59624685  0.49856181]
 [-0.81397303  0.97287913  0.03623068  0.07109355  0.14174125 -0.86380882
  -0.62515917  0.27498516 -0.81750177  0.79903557  0.31666526  0.90067225
   0.32438861 -0.30185894 -0.98007203  0.50586026]
 [-0.45278648 -0.63066259 -0.443778   -0.51318624 -0.10668027 -0.01604722
  -0.90193133 -0.28941414 -0.08075166 -0.93169979 -0.50510699 -0.21822193
   0.28021026 -0.30643674  0.77830854 -0.17805522]
 [-0.4813483   0.94578578 -0.99456057 -0.08363401 -0.99198197 -0.25260803
  -0.68378448 -0.46613795  0.1057568  -0.75233444 -0.27788513  0.98784423
  -0.40254312  0.91273796  0.29891818 -0.66788732]]  [[ 0.04643963 -0.46425466 -0.41210329  0.2937217  -0.86346753 -0.93624697
   0.18777313 -0.03030673  0.72748092 -0.75316475  0.61189304 -0.94032679
   0.16016263  0.35990317 -0.74223804  0.79557863]
 [-0.67415563  0.6773054  -0.43839252 -0.15346098  0.46048654 -0.02759065
   0.67760365 -0.56440371 -0.07831616 -0.21171645 -0.52325982  0.83696061
  -0.90119042 -0.10966221  0.27114064 -0.93111678]
 [ 0.98153877  0.44658281  0.71280614  0.43771032  0.45942217  0.67390436
   0.39222392  0.91397297  0.26973602 -0.07994128  0.07555268  0.81041581
   0.55727667  0.91386486 -0.38086728  0.73334502]
 [-0.44802092 -0.14413222 -0.79804237 -0.37204055  0.16584807  0.1163978
  -0.92531128 -0.94115563 -0.12081407  0.17247816  0.74299727 -0.59720675
   0.70583177  0.5709494  -0.10026118 -0.46113535]
 [ 0.54988773  0.33390982 -0.36308492  0.75805449  0.09840087 -0.16683522
   0.72253819  0.95771543 -0.7234654  -0.40739143  0.17406389 -0.88520153
  -0.54605397  0.51249907 -0.15832224  0.28643668]
 [ 0.96365399 -0.14696764 -0.67119699  0.11792428  0.39563218 -0.07514994
  -0.62049748  0.03481805  0.27155355 -0.0269191  -0.38584004  0.18788995
   0.7181172  -0.24926497 -0.08129292 -0.95956238]
 [-0.85283526  0.85618424  0.61857027  0.17980099  0.62831666  0.95041057
  -0.00523943  0.06494893 -0.50527535 -0.61819704 -0.13378957  0.7181755
  -0.94467528 -0.19087838 -0.28094043  0.36556872]
 [ 0.95828977  0.5023595  -0.738728   -0.41903399 -0.05322692  0.98786969
   0.90834435 -0.92674243  0.54396145  0.45526959  0.25800383 -0.37993434
  -0.8201286   0.53753526 -0.03516879 -0.56968744]
 [ 0.08592082 -0.72278777 -0.81186287  0.95290996  0.6069024  -0.34455719
  -0.30643965 -0.40668824 -0.11135622  0.01245475 -0.93820322  0.77800912
   0.25286688 -0.88229918  0.96404023 -0.84264681]
 [-0.40646562 -0.77439628 -0.13750164  0.36562114 -0.89072547  0.11463974
   0.67905985 -0.04075056  0.03216918  0.95885466 -0.75485812 -0.1648052
  -0.5671129  -0.94967188 -0.39731285 -0.88946231]
 [-0.11686216 -0.55265263 -0.19958824 -0.30282089 -0.22822737 -0.50082684
   0.10292467  0.51073173 -0.96211824 -0.83256457  0.21674228  0.16041583
   0.9807349  -0.18752087 -0.48726044 -0.18265761]
 [ 0.49400326  0.6292047   0.6214494  -0.12249324  0.64401128 -0.19643368
   0.93126507  0.25610368  0.7691101  -0.35607455 -0.32789521  0.9912248
  -0.81735336  0.23761873 -0.88098607 -0.57522273]
 [-0.92944703  0.96719019  0.93689073 -0.51950216 -0.63765897 -0.87902235
   0.80173916 -0.52879998 -0.88963628  0.5284606   0.35335448 -0.47975762
  -0.93396208 -0.77057058  0.7400425   0.54961382]
 [-0.56125133  0.39261886  0.35515595 -0.99203318  0.17600417  0.38487245
  -0.52521795 -0.99004056  0.31707128  0.32825398 -0.3699684  -0.53155581
  -0.30501643 -0.13491242  0.33265994 -0.05336669]
 [ 0.12512817  0.48553275  0.49545161 -0.33622202 -0.43822056  0.0047942
   0.23581037  0.49245254 -0.03412652 -0.61442449  0.50760674  0.84072857
   0.92262354  0.49633897  0.4408403   0.11086298]
 [ 0.32901508  0.34557095 -0.54729503  0.07230729 -0.97062126  0.22336159
   0.14517362  0.01010255  0.58514274 -0.35220054 -0.11005712  0.10237557
  -0.36687901 -0.07557493 -0.38045919  0.81057094]
 [ 0.54229704 -0.9661558  -0.98107063 -0.36435309  0.08869864  0.03665545
   0.99015018 -0.77527649  0.0211715   0.6442362   0.53659904  0.13468467
  -0.02968609 -0.10122885 -0.96937944 -0.41869005]
 [ 0.51009771 -0.06379443 -0.96445218 -0.70780133 -0.45490077 -0.32323362
  -0.17049641  0.1093972  -0.61748229 -0.47642968 -0.82512417 -0.92662001
  -0.83991481 -0.71814255 -0.03207817  0.74963543]
 [ 0.71368464  0.06668357 -0.07558018  0.06009988  0.28954987 -0.27754903
  -0.73789008  0.59867123  0.22475559 -0.90773954  0.11930002  0.47121505
  -0.49465043 -0.80802913 -0.45076741  0.00827803]
 [-0.57126834 -0.4752708  -0.34539811 -0.4134926  -0.60450827 -0.20453245
  -0.06399738 -0.19699048 -0.52745548  0.3570462   0.7141276  -0.64688523
   0.08889146  0.58332894  0.98153148  0.35727939]
 [ 0.71328528  0.22684545 -0.62032487  0.87741399 -0.80741083  0.09080129
   0.00219644  0.66062428  0.33258922  0.55939269 -0.34709998  0.09264034
  -0.41935839 -0.62024971 -0.34057294 -0.58642933]
 [-0.03300548  0.36980234 -0.41411432  0.66787332  0.59607011 -0.72066654
  -0.29757142  0.03233886  0.60772857 -0.79308631  0.39344287  0.97149118
   0.38458279  0.11149997  0.70463351  0.7938721 ]
 [-0.04325847 -0.87056457 -0.74588258  0.64394869  0.15708444 -0.52008742
  -0.01016085  0.13994213  0.21245599 -0.15845794  0.65078162  0.44747821
   0.6559113   0.33770506  0.94320698  0.26958362]
 [ 0.64314256 -0.17833952  0.93047372 -0.69336304  0.73287723  0.55160591
   0.42021734 -0.40553043  0.22258292 -0.7404232   0.80154857  0.83748956
   0.38369856  0.00449104  0.16805105  0.20280133]
 [-0.34635219  0.6395676   0.36093917  0.94723921  0.14964408 -0.49138547
  -0.79497719  0.9032922  -0.60430241 -0.87579411  0.03588276  0.25008028
   0.80726033  0.163412   -0.62074821 -0.6506035 ]
 [ 0.0158317  -0.58501045  0.59673828  0.85297909  0.51257413 -0.76683467
  -0.19310601  0.03621165  0.00848795 -0.39778354 -0.45536002 -0.45350905
   0.39498138  0.68284583  0.62783811 -0.89543308]
 [ 0.46064329  0.43479142  0.28133719 -0.09051467  0.34757746  0.48186005
   0.18799684  0.69657641  0.67624892 -0.86816346 -0.5199641  -0.40895306
   0.22761859 -0.43915721  0.02479004 -0.5763444 ]
 [ 0.84625042  0.53918353  0.24952683 -0.91616017 -0.06638357 -0.26535556
  -0.99505063  0.42222265 -0.21603023  0.26668854 -0.50265829  0.00757163
  -0.95115467  0.13482951  0.79961514 -0.22909123]
 [ 0.65729558 -0.55578559  0.46798094  0.47613805 -0.46618085 -0.59354211
  -0.10700415  0.34419585  0.07935213 -0.51561089 -0.45587078 -0.39220593
   0.20446382 -0.85225835  0.86129182  0.6194344 ]
 [ 0.26924629  0.70045173 -0.31897367 -0.87615186  0.89420419  0.06354307
  -0.3151551  -0.92471673  0.02752672 -0.96629288  0.81598666  0.38045895
   0.161909    0.28346376  0.14114877 -0.51434173]
 [ 0.48265156  0.12080177  0.30551622  0.97361944  0.54220448  0.08553904
   0.40558526 -0.10103083  0.70879512  0.95125422 -0.09828235  0.35059488
   0.34042892  0.8989524  -0.20718337 -0.87532528]
 [-0.0076709   0.51575497  0.67594465 -0.96325214  0.26170124  0.56489129
   0.03962134  0.05086435 -0.30829629  0.67538916 -0.8980508  -0.50134801
  -0.41963377 -0.55401091  0.06151082 -0.83907626]
 [-0.89235479 -0.20566008  0.87953835  0.5529883   0.96729382 -0.37996762
  -0.57347416 -0.31942116 -0.31104035  0.89388927  0.30001973  0.43034282
  -0.26972313  0.44173318  0.37029221 -0.45153518]
 [ 0.92004435 -0.04764169  0.44666001  0.70449984 -0.58911348  0.90051834
   0.29969719  0.31474541  0.8986043  -0.49948036  0.72108473  0.30535605
  -0.31719293  0.32479127  0.65816901  0.57804233]
 [-0.34348973  0.18440186  0.75720612  0.14070886  0.14836877 -0.68075788
  -0.93988199  0.66056365  0.5765661   0.12860376 -0.0098664  -0.79131656
   0.87835534  0.94766855 -0.45191088 -0.01062671]
 [ 0.64327335  0.81624408 -0.41885226  0.71277683  0.85476195  0.61220251
  -0.53324854  0.87266932  0.12504682  0.37497361  0.45969555 -0.36915789
  -0.46699911 -0.99789303  0.99900574 -0.9804633 ]
 [-0.78662051  0.2953889   0.90473575 -0.95412317 -0.95986555  0.92335652
   0.70810147  0.90475688 -0.00794127 -0.04978298 -0.93954166 -0.84614833
   0.07993187 -0.53797954  0.1636239   0.88551015]]  5  [[ 0.60623672 -0.05107146  0.86381791 ...  0.81427801  0.63587534
   0.23591058]
 [-0.96395433  0.0521324  -0.3790244  ...  0.34551088  0.44315846
  -0.25951255]
 [-0.19674749 -0.43338884  0.95811053 ...  0.07569901  0.98222109
  -0.1921394 ]
 ...
 [-0.36270209 -0.8586958  -0.29749794 ... -0.35604239  0.56307096
   0.16076531]
 [ 0.83915657 -0.15506254 -0.64082803 ...  0.07115938  0.95550459
   0.55002586]
 [ 0.37126886 -0.44542236  0.98939608 ... -0.35550061 -0.14321637
  -0.9239153 ]]  [[-0.55664224 -0.58115614  0.58976968 -0.96508764 -0.01676064  0.12938069
  -0.10736626  0.68146005 -0.64516386 -0.24404266 -0.8198284  -0.90971597
   0.32279942 -0.23025885  0.3709662  -0.5668073 ]
 [ 0.12165631  0.51910272 -0.09019411  0.94215631 -0.17295685  0.29421823
  -0.80715412  0.10596911 -0.54208405 -0.10617859  0.07260887 -0.66764571
   0.21660793  0.27381917  0.06757997 -0.88708245]
 [-0.05495836  0.4895073   0.12723396 -0.71814005 -0.87260632 -0.31288229
  -0.54145879  0.06005446 -0.04336516  0.02985849 -0.92574447  0.81430289
   0.07130027 -0.92475192 -0.3737432  -0.03190454]
 [-0.96697237 -0.54128693  0.39388371  0.34631374  0.75651555 -0.15031977
  -0.89284195 -0.24327201 -0.54211979 -0.95481682 -0.13035369 -0.72093893
  -0.20652149  0.53117206 -0.22607357 -0.00308926]
 [-0.59950977  0.56459423 -0.91820941 -0.80605226 -0.92315946  0.39550938
   0.71999558  0.61459009 -0.448793   -0.87569568 -0.57999819  0.52274522
   0.01262383 -0.3022691   0.08414717  0.13284163]
 [-0.53513925 -0.19375499  0.66599215  0.74510666  0.48071505  0.71485513
   0.3088417  -0.26418195 -0.64308378  0.22955417  0.78273396  0.38322821
  -0.49237661 -0.44521697 -0.35769733  0.92492861]
 [ 0.4328024  -0.19947326  0.3279615   0.51262646 -0.37231919 -0.09448573
  -0.26478246 -0.61230484  0.04446407  0.31634642 -0.28256818  0.87585741
   0.94163702 -0.90576494  0.31573228  0.1712705 ]
 [ 0.62462271 -0.74728716 -0.67882002 -0.49176603 -0.29181087 -0.38627071
   0.82284953  0.24456376 -0.57190085  0.18419146 -0.74415126  0.80792191
   0.53702699 -0.79669836  0.31170336 -0.1073479 ]
 [-0.95723783 -0.61761624  0.59850212  0.85392913  0.10130198  0.75702538
  -0.06725979  0.84331157 -0.59369539 -0.51808106 -0.02994867 -0.94089408
  -0.2516757   0.32536276 -0.17788056 -0.89754538]
 [-0.54317566 -0.08641413 -0.2232102  -0.19519038 -0.50631573 -0.30526172
   0.18393484 -0.03209247 -0.45711853  0.66109607 -0.67080819 -0.35408769
   0.65783346 -0.83601644  0.56835139 -0.61049657]
 [ 0.01022632 -0.52227421  0.91096306  0.82643361 -0.17868264  0.37179712
   0.39219897  0.35320423 -0.87505955 -0.51176805  0.15078943 -0.20020013
  -0.99028866 -0.24112882 -0.66948284 -0.2593211 ]
 [-0.85965983  0.20432809  0.20484207  0.31640608 -0.89634982 -0.01946184
   0.09465978  0.32805223  0.46668923 -0.03043923  0.61678883  0.87797257
  -0.75438387 -0.53018096 -0.45159507  0.74149606]
 [ 0.82215214 -0.85630847 -0.43829639  0.59206742 -0.01721103  0.10731741
   0.60671446  0.43712914 -0.15318334  0.99364259  0.6672052   0.53103688
   0.11395438 -0.37258957  0.59624685  0.49856181]
 [-0.81397303  0.97287913  0.03623068  0.07109355  0.14174125 -0.86380882
  -0.62515917  0.27498516 -0.81750177  0.93457539  0.31666526  0.90067225
   0.32438861 -0.30185894 -0.98007203  0.50586026]
 [-0.45278648 -0.63066259 -0.443778   -0.51318624 -0.10668027 -0.01604722
  -0.90193133 -0.28941414 -0.08075166 -0.93169979 -0.50510699 -0.21822193
   0.28021026 -0.30643674  0.77830854 -0.17805522]
 [-0.4813483   0.94578578 -0.99456057 -0.08363401 -0.99198197 -0.25260803
  -0.68378448 -0.46613795  0.1057568  -0.75233444 -0.27788513  0.98784423
  -0.40254312  0.91273796  0.29891818 -0.66788732]]  [[ 0.04643963 -0.46425466 -0.41210329  0.2937217  -0.86346753 -0.93624697
   0.18777313 -0.03030673  0.72748092 -0.75316475  0.61189304 -0.94032679
   0.16016263  0.35990317 -0.74223804  0.79557863]
 [-0.67415563  0.6773054  -0.43839252 -0.15346098  0.46048654 -0.02759065
   0.67760365 -0.56440371 -0.07831616 -0.21171645 -0.52325982  0.83696061
  -0.90119042 -0.10966221  0.27114064 -0.93111678]
 [ 0.98153877  0.44658281  0.71280614  0.43771032  0.45942217  0.67390436
   0.39222392  0.91397297  0.26973602 -0.07994128  0.07555268  0.81041581
   0.55727667  0.91386486 -0.38086728  0.73334502]
 [-0.44802092 -0.14413222 -0.79804237 -0.37204055  0.16584807  0.1163978
  -0.92531128 -0.94115563 -0.12081407  0.17247816  0.74299727 -0.59720675
   0.70583177  0.5709494  -0.10026118 -0.46113535]
 [ 0.54988773  0.33390982 -0.36308492  0.75805449  0.09840087 -0.16683522
   0.72253819  0.95771543 -0.7234654  -0.40739143  0.17406389 -0.88520153
  -0.54605397  0.51249907 -0.15832224  0.28643668]
 [ 0.96365399 -0.14696764 -0.67119699  0.11792428  0.39563218 -0.07514994
  -0.62049748  0.03481805  0.27155355 -0.0269191  -0.38584004  0.18788995
   0.7181172  -0.24926497 -0.08129292 -0.95956238]
 [-0.85283526  0.85618424  0.61857027  0.17980099  0.62831666  0.95041057
  -0.00523943  0.06494893 -0.50527535 -0.61819704 -0.13378957  0.7181755
  -0.94467528 -0.19087838 -0.28094043  0.36556872]
 [ 0.95828977  0.5023595  -0.738728   -0.41903399 -0.05322692  0.98786969
   0.90834435 -0.92674243  0.54396145  0.45526959  0.25800383 -0.37993434
  -0.8201286   0.53753526 -0.03516879 -0.56968744]
 [ 0.08592082 -0.72278777 -0.81186287  0.95290996  0.6069024  -0.34455719
  -0.30643965 -0.40668824 -0.11135622  0.01245475 -0.93820322  0.77800912
   0.25286688 -0.88229918  0.96404023 -0.84264681]
 [-0.40646562 -0.77439628 -0.13750164  0.36562114 -0.89072547  0.11463974
   0.67905985 -0.04075056  0.03216918  0.95885466 -0.75485812 -0.1648052
  -0.5671129  -0.94967188 -0.39731285 -0.88946231]
 [-0.11686216 -0.55265263 -0.19958824 -0.30282089 -0.22822737 -0.50082684
   0.10292467  0.51073173 -0.96211824 -0.83256457  0.21674228  0.16041583
   0.9807349  -0.18752087 -0.48726044 -0.18265761]
 [ 0.49400326  0.6292047   0.6214494  -0.12249324  0.64401128 -0.19643368
   0.93126507  0.25610368  0.7691101  -0.35607455 -0.32789521  0.9912248
  -0.81735336  0.23761873 -0.88098607 -0.57522273]
 [-0.91922091  0.96719019  0.93689073 -0.51950216 -0.63765897 -0.87902235
   0.80173916 -0.52879998 -0.88963628  0.5284606   0.35335448 -0.47975762
  -0.93396208 -0.77057058  0.7400425   0.54961382]
 [-0.56125133  0.39261886  0.35515595 -0.99203318  0.17600417  0.38487245
  -0.52521795 -0.99004056  0.31707128  0.32825398 -0.3699684  -0.53155581
  -0.30501643 -0.13491242  0.33265994 -0.05336669]
 [ 0.12512817  0.48553275  0.49545161 -0.33622202 -0.43822056  0.0047942
   0.23581037  0.49245254 -0.03412652 -0.61442449  0.50760674  0.84072857
   0.92262354  0.49633897  0.4408403   0.11086298]
 [ 0.32901508  0.34557095 -0.54729503  0.06861998 -0.97062126  0.22336159
   0.14517362  0.01010255  0.58514274 -0.35220054 -0.11005712  0.10237557
  -0.36687901 -0.07557493 -0.38045919  0.81057094]
 [ 0.54229704 -0.9661558  -0.98107063 -0.36435309  0.08869864  0.03665545
   0.99015018 -0.77527649  0.0211715   0.6442362   0.53659904  0.13468467
  -0.02968609 -0.10122885 -0.96937944 -0.41869005]
 [ 0.51009771 -0.06379443 -0.96445218 -0.70780133 -0.45490077 -0.32323362
  -0.17049641  0.1093972  -0.61748229 -0.47642968 -0.82512417 -0.92662001
  -0.83991481 -0.71814255 -0.03207817  0.74963543]
 [ 0.71368464  0.06668357 -0.07558018  0.06009988  0.28954987 -0.27754903
  -0.73789008  0.59867123  0.22475559 -0.90773954  0.11930002  0.47121505
  -0.49465043 -0.80802913 -0.45076741  0.00827803]
 [-0.57126834 -0.4752708  -0.34539811 -0.4134926  -0.60450827 -0.20453245
  -0.06399738 -0.19699048 -0.52745548  0.3570462   0.7141276  -0.64688523
   0.08889146  0.58332894  0.98153148  0.35727939]
 [ 0.71328528  0.22684545 -0.62032487  0.87741399 -0.80741083  0.09080129
   0.00219644  0.66062428  0.33258922  0.55939269 -0.34709998  0.09264034
  -0.41935839 -0.62024971 -0.34057294 -0.58642933]
 [-0.03300548  0.36980234 -0.41411432  0.66787332  0.59607011 -0.72066654
  -0.29757142  0.03233886  0.60772857 -0.79308631  0.39344287  0.97149118
   0.38458279  0.11149997  0.70463351  0.7938721 ]
 [-0.04325847 -0.87056457 -0.74588258  0.64394869  0.15708444 -0.52008742
  -0.01016085  0.13994213  0.21245599 -0.15845794  0.65078162  0.44747821
   0.6559113   0.33770506  0.94320698  0.26958362]
 [ 0.64314256 -0.17833952  0.93047372 -0.69336304  0.73287723  0.55160591
   0.42021734 -0.40553043  0.22258292 -0.7404232   0.80154857  0.83748956
   0.38369856  0.00449104  0.16805105  0.20280133]
 [-0.34635219  0.6395676   0.36093917  0.94723921  0.14964408 -0.49138547
  -0.79497719  0.9032922  -0.60430241 -0.87579411  0.03588276  0.25008028
   0.80726033 -0.25689951 -0.62074821 -0.6506035 ]
 [ 0.0158317  -0.58501045  0.59673828  0.85297909  0.51257413 -0.76683467
  -0.19310601  0.03621165  0.00848795 -0.39778354 -0.45536002 -0.45350905
   0.39498138  0.68284583  0.62783811 -0.89543308]
 [ 0.46064329  0.43479142  0.28133719 -0.09051467  0.34757746  0.48186005
   0.18799684  0.69657641  0.67624892 -0.86816346 -0.5199641  -0.40895306
   0.22761859 -0.43915721  0.02479004 -0.5763444 ]
 [ 0.84625042  0.53918353  0.24952683 -0.91616017 -0.06638357 -0.26535556
   0.84215925  0.42222265 -0.21603023  0.26668854 -0.50265829  0.00757163
  -0.95115467  0.13482951  0.79961514 -0.22909123]
 [ 0.65729558 -0.55578559  0.46798094  0.47613805 -0.46618085 -0.59354211
  -0.10700415  0.34419585  0.07935213 -0.51561089 -0.45587078 -0.39220593
   0.20446382 -0.85225835  0.86129182  0.6194344 ]
 [ 0.26924629  0.70045173 -0.31897367 -0.87615186  0.89420419  0.06354307
  -0.3151551  -0.74377895  0.02752672 -0.96629288  0.81598666  0.38045895
   0.161909    0.28346376  0.14114877 -0.51434173]
 [ 0.48265156  0.12080177  0.30551622  0.97361944  0.54220448  0.08553904
   0.40558526 -0.10103083  0.70879512  0.95125422 -0.09828235  0.35059488
   0.34042892  0.8989524  -0.20718337 -0.87532528]
 [-0.0076709   0.51575497  0.67594465 -0.96325214  0.26170124  0.56489129
   0.03962134  0.05086435 -0.30829629  0.67538916 -0.8980508  -0.50134801
  -0.41963377 -0.55401091  0.06151082 -0.83907626]
 [-0.89235479 -0.20566008  0.87953835  0.5529883   0.96729382 -0.37996762
  -0.57347416 -0.31942116 -0.31104035  0.89388927  0.30001973  0.43034282
  -0.26972313  0.44173318  0.37029221 -0.45153518]
 [ 0.92004435 -0.04764169  0.44666001  0.70449984 -0.58911348  0.90051834
   0.29969719  0.31474541  0.8986043  -0.49948036  0.72108473  0.30535605
  -0.31719293  0.32479127  0.65816901  0.57804233]
 [-0.34348973  0.18440186  0.75720612  0.14070886  0.14836877 -0.68075788
  -0.93988199  0.66056365  0.5765661   0.12860376 -0.0098664  -0.79131656
   0.87835534  0.94766855 -0.45191088 -0.01062671]
 [ 0.64327335  0.81624408 -0.41885226  0.71277683  0.85476195  0.61220251
  -0.53324854  0.87266932  0.12504682  0.37497361  0.45969555 -0.36915789
  -0.46699911 -0.99789303  0.99900574 -0.9804633 ]
 [-0.78662051  0.2953889   0.90473575 -0.95412317 -0.95986555  0.92335652
   0.70810147  0.90475688 -0.00794127 -0.04978298 -0.93954166 -0.84614833
   0.07993187 -0.53797954  0.1636239   0.88551015]]